000006
000013
000021
000022
000025
000027
000030
000039
000040
000047
000064
000071
000077
000081
000088
000089
000091
000109
000112
000113
000115
000116
000121
000123
000125
000126
000129
000139
000147
000154
000157
000158
000166
000170
000171
000175
000177
000181
000182
000193
000196
000209
000216
000223
000225
000227
000229
000230
000231
000234
000248
000251
000252
000259
000276
000278
000282
000286
000287
000296
000302
000304
000315
000316
000324
000326
000328
000329
000336
000337
000340
000341
000342
000344
000346
000347
000365
000366
000368
000369
000370
000372
000373
000374
000376
000383
000387
000393
000394
000399
000402
000404
000416
000421
000426
000429
000431
000433
000442
000444
000448
000451
000452
000456
000458
000464
000469
000481
000484
000488
000489
000491
000492
000494
000498
000499
000506
000513
000516
000518
000520
000522
000526
000533
000537
000540
000541
000550
000553
000559
000562
000565
000566
000569
000573
000575
000584
000589
000591
000594
000597
000608
000609
000619
000620
000622
000623
000624
000626
000629
000635
000636
000641
000642
000651
000661
000664
000666
000674
000676
000677
000684
000693
000694
000695
000698
000701
000702
000704
000710
000712
000736
000737
000739
000741
000748
000750
000753
000755
000761
000764
000766
000767
000769
000773
000775
000779
000781
000783
000788
000790
000795
000798
000802
000805
000806
000807
000808
000812
000815
000816
000817
000824
000825
000827
000834
000842
000843
000848
000849
000851
000852
000874
000884
000886
000889
000893
000895
000897
000901
000907
000909
000913
000914
000920
000925
000927
000931
000933
000937
000941
000945
000946
000948
000950
000963
000979
000980
000983
000984
000985
000997
001004
001007
001008
001009
001016
001021
001023
001029
001030
001032
001037
001038
001052
001055
001058
001060
001064
001065
001067
001069
001073
001078
001081
001083
001085
001086
001090
001091
001092
001093
001097
001099
001104
001113
001119
001122
001125
001131
001135
001145
001166
001167
001169
001173
001174
001176
001179
001183
001185
001189
001198
001207
001212
001216
001217
001228
001233
001236
001238
001246
001249
001258
001262
001269
001271
001274
001280
001288
001293
001301
001308
001310
001313
001314
001317
001319
001324
001325
001326
001327
001332
001339
001340
001341
001342
001347
001353
001362
001370
001376
001377
001381
001383
001386
001387
001388
001395
001401
001404
001406
001410
001422
001427
001434
001435
001436
001446
001447
001452
001454
001455
001457
001462
001465
001467
001468
001472
001476
001477
001484
001485
001486
001487
001496
001498
001500
001505
001515
001523
001527
001529
001536
001538
001539
001540
001549
001552
001554
001558
001560
001566
001567
001569
001573
001574
001580
001583
001584
001586
001588
001592
001594
001600
001606
001607
001609
001612
001613
001614
001622
001624
001627
001632
001636
001638
001647
001648
001652
001654
001656
001661
001676
001680
001683
001684
001689
001694
001703
001705
001710
001714
001716
001719
001720
001726
001729
001730
001735
001742
001747
001752
001757
001764
001765
001770
001771
001773
001774
001775
001778
001784
001785
001789
001790
001802
001803
001804
001807
001809
001811
001813
001814
001818
001819
001820
001824
001828
001830
001831
001832
001834
001835
001848
001850
001854
001856
001857
001860
001863
001867
001868
001869
001875
001880
001886
001891
001895
001898
001899
001902
001905
001915
001916
001918
001923
001925
001926
001928
001932
001933
001943
001946
001951
001953
001959
001966
001967
001972
001974
001975
001976
001977
001989
001991
001992
001994
001996
002006
002012
002016
002026
002034
002035
002037
002039
002040
002045
002055
002057
002058
002067
002070
002076
002082
002084
002092
002096
002103
002109
002110
002114
002116
002121
002122
002128
002129
002132
002137
002150
002151
002152
002155
002157
002158
002162
002166
002171
002176
002179
002187
002195
002196
002205
002208
002210
002211
002212
002225
002230
002235
002236
002240
002241
002249
002251
002252
002254
002259
002268
002274
002276
002277
002285
002288
002292
002295
002296
002297
002301
002314
002320
002330
002332
002334
002337
002341
002350
002358
002360
002362
002363
002364
002366
002367
002372
002376
002386
002389
002390
002397
002403
002405
002408
002409
002411
002417
002418
002419
002422
002428
002429
002430
002432
002437
002441
002442
002443
002444
002450
002451
002452
002453
002465
002467
002473
002479
002480
002483
002487
002492
002497
002498
002499
002501
002505
002507
002509
002510
002514
002515
002519
002520
002521
002535
002545
002546
002551
002552
002559
002572
002574
002577
002586
002587
002592
002595
002598
002599
002601
002607
002609
002610
002611
002612
002617
002620
002621
002626
002634
002639
002643
002644
002649
002660
002663
002667
002677
002685
002694
002698
002700
002705
002712
002715
002719
002726
002727
002728
002731
002733
002736
002737
002738
002740
002744
002748
002749
002753
002759
002760
002766
002767
002773
002774
002778
002779
002780
002781
002785
002790
002795
002812
002815
002816
002818
002836
002845
002848
002855
002858
002863
002879
002881
002886
002888
002894
002898
002899
002905
002909
002912
002917
002921
002926
002935
002942
002946
002954
002962
002967
002975
002977
002981
002982
002985
002996
002999
003001
003002
003005
003006
003009
003012
003029
003031
003043
003044
003051
003052
003053
003058
003060
003065
003066
003068
003070
003073
003077
003078
003080
003084
003085
003093
003095
003103
003106
003109
003115
003120
003121
003128
003134
003144
003146
003153
003162
003171
003173
003177
003181
003183
003184
003191
003198
003203
003204
003206
003208
003210
003212
003216
003220
003232
003239
003247
003250
003252
003260
003262
003263
003264
003266
003267
003272
003276
003277
003279
003282
003283
003284
003288
003296
003304
003305
003308
003311
003316
003319
003322
003327
003337
003339
003340
003342
003346
003349
003355
003362
003368
003372
003384
003386
003387
003388
003394
003397
003405
003408
003409
003410
003411
003412
003414
003425
003428
003429
003430
003435
003439
003441
003444
003448
003450
003451
003454
003460
003461
003464
003467
003476
003477
003479
003480
003486
003490
003494
003496
003497
003500
003501
003503
003511
003513
003515
003519
003520
003528
003535
003536
003539
003540
003545
003551
003554
003558
003561
003564
003565
003571
003573
003574
003578
003582
003587
003588
003609
003610
003615
003616
003617
003627
003628
003630
003631
003645
003651
003666
003667
003678
003679
003680
003683
003684
003685
003692
003701
003709
003710
003717
003722
003725
003726
003727
003729
003730
003731
003732
003738
003741
003749
003752
003753
003755
003762
003769
003772
003776
003778
003779
003781
003786
003787
003790
003791
003807
003808
003817
003819
003820
003831
003832
003838
003843
003845
003852
003855
003856
003863
003868
003870
003874
003875
003876
003878
003880
003887
003890
003891
003897
003900
003904
003906
003908
003914
003916
003918
003921
003922
003924
003926
003929
003935
003936
003939
003943
003946
003949
003956
003961
003963
003964
003969
003970
003971
003972
003984
003987
003990
003994
003995
003997
004000
004007
004014
004015
004019
004028
004031
004044
004045
004048
004052
004053
004058
004059
004060
004063
004069
004070
004072
004078
004080
004082
004097
004101
004107
004108
004109
004110
004114
004119
004120
004121
004133
004134
004140
004141
004143
004149
004151
004153
004154
004156
004157
004159
004165
004168
004169
004184
004187
004188
004192
004198
004214
004219
004220
004224
004226
004229
004231
004237
004246
004250
004254
004255
004257
004268
004275
004277
004282
004284
004285
004289
004292
004295
004302
004305
004314
004317
004323
004335
004339
004344
004346
004350
004351
004363
004366
004369
004372
004386
004393
004402
004404
004406
004407
004416
004418
004420
004429
004430
004435
004436
004437
004439
004441
004444
004446
004452
004453
004460
004464
004465
004470
004475
004479
004483
004490
004493
004495
004499
004503
004506
004515
004516
004518
004523
004527
004531
004540
004542
004543
004549
004558
004565
004570
004572
004578
004581
004584
004586
004587
004591
004597
004603
004609
004610
004620
004622
004626
004628
004629
004630
004633
004637
004643
004645
004648
004651
004664
004672
004675
004680
004681
004687
004691
004704
004707
004717
004718
004722
004723
004725
004731
004739
004749
004752
004754
004759
004762
004768
004770
004774
004781
004787
004808
004813
004819
004820
004821
004824
004825
004826
004834
004838
004840
004843
004844
004847
004851
004853
004857
004858
004859
004864
004866
004872
004888
004902
004906
004907
004909
004916
004920
004931
004933
004934
004936
004938
004939
004942
004946
004952
004954
004963
004966
004969
004970
004971
004973
004976
004982
004984
004990
004994
004998
004999
005000
005001
005004
005005
005008
005010
005014
005016
005022
005023
005025
005033
005035
005041
005045
005048
005050
005051
005053
005056
005068
005069
005074
005078
005079
005089
005090
005096
005099
005102
005103
005104
005107
005110
005115
005116
005124
005126
005127
005130
005131
005135
005136
005137
005139
005145
005150
005152
005153
005155
005162
005170
005173
005176
005177
005181
005192
005207
005211
005216
005217
005220
005223
005229
005240
005243
005250
005251
005254
005258
005260
005262
005265
005274
005275
005276
005277
005282
005285
005287
005288
005299
005301
005304
005305
005308
005320
005329
005332
005335
005338
005343
005351
005356
005371
005373
005376
005378
005383
005388
005390
005392
005394
005395
005397
005404
005416
005422
005425
005432
005435
005438
005440
005442
005444
005445
005446
005457
005458
005459
005462
005464
005467
005473
005483
005485
005488
005491
005500
005501
005504
005507
005512
005518
005524
005525
005527
005529
005530
005534
005537
005542
005553
005557
005559
005560
005564
005565
005566
005569
005570
005572
005574
005578
005581
005583
005586
005588
005595
005596
005600
005602
005604
005608
005609
005614
005616
005628
005629
005632
005633
005634
005635
005638
005640
005644
005651
005655
005658
005665
005667
005679
005683
005688
005690
005692
005695
005699
005701
005711
005712
005714
005716
005718
005721
005724
005725
005726
005732
005736
005737
005744
005745
005746
005748
005751
005753
005755
005762
005766
005767
005769
005771
005773
005774
005778
005779
005783
005789
005790
005792
005794
005797
005802
005804
005805
005808
005811
005814
005819
005822
005830
005831
005832
005835
005837
005840
005841
005842
005847
005848
005850
005852
005857
005858
005866
005870
005875
005881
005886
005887
005888
005896
005898
005907
005909
005910
005918
005919
005923
005924
005928
005930
005931
005932
005937
005939
005940
005946
005952
005955
005961
005962
005963
005966
005971
005972
005976
005980
005981
006000
006003
006004
006005
006007
006008
006011
006023
006028
006041
006043
006045
006046
006047
006053
006067
006077
006082
006086
006091
006094
006104
006108
006109
006116
006117
006123
006132
006139
006140
006149
006151
006155
006156
006160
006165
006167
006168
006172
006173
006191
006193
006202
006205
006212
006220
006227
006229
006231
006233
006234
006235
006238
006241
006250
006252
006253
006254
006255
006256
006257
006271
006274
006278
006280
006281
006298
006300
006307
006310
006318
006321
006333
006339
006341
006346
006363
006364
006377
006388
006391
006395
006403
006404
006406
006409
006415
006419
006420
006425
006428
006429
006431
006432
006437
006438
006439
006441
006442
006444
006445
006446
006448
006450
006452
006453
006454
006457
006469
006472
006473
006477
006480
006483
006486
006497
006502
006505
006506
006507
006512
006522
006530
006531
006535
006537
006552
006557
006563
006569
006571
006574
006578
006579
006584
006585
006592
006597
006604
006607
006612
006621
006623
006624
006635
006638
006645
006647
006651
006652
006654
006655
006681
006684
006686
006688
006697
006700
006712
006713
006717
006721
006731
006735
006738
006739
006746
006747
006748
006754
006756
006759
006760
006761
006763
006764
006776
006782
006787
006796
006815
006818
006819
006834
006840
006841
006842
006846
006847
006852
006857
006858
006862
006866
006867
006882
006896
006897
006899
006900
006906
006908
006915
006916
006925
006931
006934
006935
006937
006939
006943
006952
006953
006959
006969
006970
006971
006979
006981
006996
007000
